float ann_theta1_bT[8][8] =  { 
{  -0.7082201,  0.3296786,  0.3171906,  0.7143522,  0.2440764,  0.3363911,  -0.0881416,  -0.1071083},
{  0.8008193,  -1.1502376,  0.03273,  -0.105824,  -0.9479816,  0.4616242,  0.4650932,  1.1312214},
{  0.341243,  -0.4965752,  -0.8676969,  -0.4441184,  0.5042698,  1.7350876,  1.3752947,  -0.3326511},
{  0.5904348,  -1.2981795,  -0.3357311,  -0.0785857,  -0.9321818,  0.3843217,  1.2127014,  0.8541646},
{  0.6879038,  -0.9094349,  -0.4118073,  0.1917293,  -0.7192909,  0.2221027,  1.5155169,  0.6187471},
{  -0.723078,  1.0841755,  0.6991317,  0.4722647,  0.5979314,  -0.6242132,  -0.8921677,  -0.6954105},
{  -1.1252854,  1.2756684,  -0.4579488,  1.4452199,  -0.2724981,  0.9569605,  -1.2719098,  -0.1192895},
{  -0.2855831,  0.3831538,  -0.2815439,  0.760059,  -0.0184317,  0.4725227,  -1.1401145,  0.6167039}
}


float ann_theta2_bT[8][8] =  { 
{  0.1703,  -0.561524,  0.483128,  0.0426816,  0.0576768,  0.6230715,  -0.4879308,  -0.4262148},
{  0.8925932,  -0.0724506,  0.2399132,  -1.0036991,  -1.6693941,  0.9303331,  1.1191716,  1.0107286},
{  0.0143621,  -0.1875216,  -0.0746408,  -0.142119,  -0.3312546,  -0.332409,  -0.1657949,  0.0598571},
{  -0.7991588,  0.9799269,  1.0001742,  1.1824504,  0.9527218,  -0.3662825,  -0.404794,  -1.1449202},
{  0.1613561,  -0.4126482,  -0.272135,  -0.4611412,  -0.0940168,  -0.4483874,  0.1539667,  -0.3154853},
{  -0.0965321,  -0.3101826,  -0.0412506,  0.1324762,  -0.3791434,  -0.1979605,  0.0974312,  -0.0067743},
{  -0.2509976,  -0.3220653,  -0.1381338,  -0.1094094,  -0.2815593,  -0.1415514,  0.1419305,  -0.2283888},
{  0.6302385,  -0.8537272,  0.6896033,  -0.5072481,  0.8206747,  -0.9514032,  -1.0103006,  1.3258424}
}


float ann_theta3_bT[3][8] =  { 
{  -1.1573154,  -1.1488713,  0.1780188  -1.0256763,  -0.0552603,  -0.0118096  0.0879843,  1.2499878,},
{  -1.158568  0.6437325,  0.15357,  1.0046781  -0.0462848,  0.0652423,  0.2732171  -1.4188933,},
{  0.9436498,  0.3404726  -0.0929996,  0.2552095,  -0.0930621  -0.2042321,  -0.1213144,  0.2297377}
}


float ann_bias1[8] =  {  1.2202421,  -0.8335112,  0.8507801,  -0.3856439,  1.3153201,  0.0588514,  -0.3098925,  1.6736676}


float ann_bias2[8] =  {  0.2258326,  -0.411356,  -0.2215468,  -0.3787351,  0.066911,  -0.3511206,  -0.0674306,  0.8525878}


float ann_bias3[3] =  {  0.9541404,  -0.6485399,  0.729654}


